3637540459146593639
8408462746465814643
3637540459146593639
5109470997758484265
3364542905610852267
8450407968639461859
3637540459146593639
150346237738035192
7417221384466648551
1197105577798542682
150346237738035192
150346237738035192
3637540459146593639
4835695807260479501
2697991130498458712
1197105577798542682
8222907814687453445
7449943748619623145
150346237738035192
793725101485052109
8210946490246667956
184680029042951182
2197744665398314561
3637540459146593639
7417221384466648551
184680029042951182
150346237738035192
362297221456834044
8585205036144287489
6811776745761651178
8210946490246667956
4059247791661032504
3046822245052924652
3046822245052924652
8821862535400836271
7919891211012442604
8585205036144287489
8585205036144287489
4450190830532737859
8486685203742449322
5912924844580054313
8210946490246667956
2835798355540162428
3637540459146593639
5132287770997008481
8363790042945400668
8363790042945400668
150346237738035192
6312891028436039147
3400321001353412101
5390954890723507968
6752878145256391226
4059247791661032504
7449943748619623145
5109470997758484265
1197105577798542682
150346237738035192
6055730836111072936
3637540459146593639
8408462746465814643
4450190830532737859
8222907814687453445
7560188502710670201
479051050271563632
7449943748619623145
8585205036144287489
5132287770997008481
667115427753482668
5477688518344384784
3612704719109193267
3312070182463849808
4174275400511963925
4895839551706169711
2697991130498458712
8094558378192941181
3637540459146593639
7449943748619623145
2697991130498458712
3637540459146593639
8332083839685178532
4586400319027303861
150346237738035192
150346237738035192
150346237738035192
6462078588552502349
2134546103403896252
2062866308227695223
8960189657666955372
3637540459146593639
3637540459146593639
8709797118935062810
7818508919617981886
3181537203937993587
150346237738035192
150346237738035192
2697991130498458712
8821862535400836271
376906668872033252
3046822245052924652
8821862535400836271
5618009973106783618
376906668872033252
8222907814687453445
1197105577798542682
2372855255031989844
2402660213727946762
2062866308227695223
7919891211012442604
5132287770997008481
2663504857441352179
3040411528460869079
3637540459146593639
7449943748619623145
4025974194735347908
7054693805259195085
6325257491663920767
7449943748619623145
7949782285573189191
5054795717295901724
8389975416451158980
8821862535400836271
7449943748619623145
4541577525354726907
4574584048343196420
6310432278297709323
2134546103403896252
4025974194735347908
2134546103403896252
5132287770997008481
3400321001353412101
6811776745761651178
8210946490246667956
793725101485052109
4059247791661032504
3637540459146593639
2134546103403896252
1394850415876756978
2062866308227695223
2658817033131156372
3637540459146593639
5382485968343106884
6310432278297709323
1450579244825706726
7449943748619623145
5142588962146786921
3637590727421817164
8585205036144287489
667115427753482668
4059247791661032504
3788849977924183188
7142452343446082969
8332083839685178532
453443660609612526
6529308950213725673
2134546103403896252
5054795717295901724
2783273352775777250
1214737879714000736
2197744665398314561
6383278502635077253
5438438726055168472
5488323779942923476
8197025864814351204
5623758464678144936
8585205036144287489
2134546103403896252
911614307739416383
4443205945102111529
4450190830532737859
8100681940228145289
150346237738035192
2374731454336098385
7711695922561783686
1826417555855247596
6222135137883895941
5438438726055168472
5488323779942923476
2130561598044870592
5132287770997008481
4025974194735347908
3637540459146593639
6801385841233468427
150346237738035192
7142452343446082969
7449943748619623145
3637540459146593639
4915686857372910511
8363790042945400668
3695888624259084807
4450190830532737859
2697991130498458712
586243034311938957
1197105577798542682
2697991130498458712
52657540296925493
6044703867344200420
3148439280099019367
150346237738035192
8162815303564650476
4643607968055370498
8339496596609422602
6383278502635077253
5048847054608590545
2150142217578850241
8609280130907745941
8661937675499638730
5483269505989063342
8408462746465814643
4541577525354726907
8585205036144287489
7054693805259195085
8960189657666955372
4340188776029243545
7979005431774355767
3804480447380686856
5954622662812053449
5054795717295901724
3637540459146593639
6811776745761651178
8162815303564650476
6811776745761651178
7511066101866118354
2697991130498458712
7449943748619623145
3751759443753091874
5291643904873608660
3637540459146593639
9178775627213975001
1197105577798542682
7449943748619623145
2697991130498458712
6806281375133837866
6055730836111072936
8752157561810114095
3076633127589609730
3637540459146593639
4299646398620743266
5109470997758484265
7196295689152824705
2375805648996655461
3060737222120841131
1197105577798542682
1761919255443613646
6030977749078240423
5594364082254246122
3445444484736561663
2375805648996655461
5500270373525606910
3637540459146593639
4059247791661032504
3060737222120841131
5547182613908393038
7449943748619623145
3637540459146593639
7142452343446082969
5483269505989063342
3637540459146593639
3376011890469376434
4388532352695048214
1128256493006324737
6462078588552502349
1697711268839247755
1872132195500797081
1168317549697236503
3181537203937993587
1106706149313733898
8441419967236376273
5132287770997008481
6030977749078240423
2704083982838006699
5221945764422956696
5623758464678144936
6948728728389025494
150346237738035192
1853407779533070870
3021725329230307374
5109470997758484265
6948728728389025494
6444490032988521929
2886359410882144112
3637540459146593639
5452032972007095433
2697991130498458712
1255951272276673281
8204679998518215128
8533644828048342038
4541577525354726907
5391846495733183695
8541465475499157714
6727506348432895029
5843788651612365397
3637540459146593639
150346237738035192
3698437077472739063
8533644828048342038
1197105577798542682
1168317549697236503
1872132195500797081
6304857290655255972
7862105295486254216
6160845048786595098
3637540459146593639
5843788651612365397
8207073778045765241
7575439381972443564
5291643904873608660
405047190953825880
7919891211012442604
7142452343446082969
4835695807260479501
8486685203742449322
4835695807260479501
5132287770997008481
8821862535400836271
4586400319027303861
2150142217578850241
1531947310870247928
7171217826725665814
6792661925723372049
5132287770997008481
8729324123740796706
3400321001353412101
876614625127671477
1598416184820874400
7511066101866118354
1197105577798542682
4059247791661032504
4006615244405149304
5538562553127913584
3445444484736561663
6086296691148310287
5372149614033648107
4878101703067152653
4388532352695048214
3637540459146593639
7862105295486254216
3637540459146593639
1214737879714000736
50128015942051162
4260728104750156258
7449943748619623145
8395357680014949703
1128256493006324737
1633763379656470834
3578632679010395854
6312891028436039147
3750361926447366070
8499807796910447723
8441419967236376273
899191841354789327
6892414928763996409
2697991130498458712
5858722077773823769
6325257491663920767
2134546103403896252
6972366564549320828
1327627206704940874
7787119968126119360
6149287587850626061
5623758464678144936
5132287770997008481
1842127287904492732
8408462746465814643
4675462443548789565
1310812484467837527
5944646282635056836
6216516457636689813
5382485968343106884
262428344601773696
8210946490246667956
5054795717295901724
8116647707454672381
3318438728529676488
5843788651612365397
8752157561810114095
8499807796910447723
7432091540426953822
3383099036441187123
5530743852817127767
5390954890723507968
2375805648996655461
4350100117130748448
2269606276129990017
1162881946729886591
4174275400511963925
7921640502949273571
1702426325530616984
1197105577798542682
5999717917204201762
412556541442650056
1041911625465271812
1531947310870247928
6160366929193166590
8230234407043976776
5054795717295901724
5500270373525606910
2987004272387431004
4217291495040445549
3637540459146593639
4574584048343196420
1767477642445209257
2180034183887859313
3221945807205647477
3168413103345149802
7464980510172949631
4807782162718414613
8585205036144287489
7874772128127571638
3562976180344833124
5843788651612365397
5547182613908393038
8015937364452662363
2888640257341503461
4909987333657595921
8842939783071815373
489515083674682503
2062866308227695223
6383278502635077253
7179385865526060961
4256483852315064104
5550873338439480093
8486685203742449322
3046822245052924652
8877966953132659804
2269606276129990017
8456457000533244810
8076024744602800727
8565539832572450527
376906668872033252
43594387298472553
3698437077472739063
6905339103563577943
3232840409443249525
6030977749078240423
4006615244405149304
5882724227435540321
9186861743955560128
4299646398620743266
7388141226330894750
7711695922561783686
64140999466363801
8585205036144287489
5438438726055168472
1367182761358606796
3637540459146593639
4643607968055370498
6312891028436039147
1767477642445209257
7939333028578424007
1197105577798542682
8585205036144287489
1606118767742539611
5500270373525606910
64140999466363801
262428344601773696
3493805581141662723
165999276300171735
6055730836111072936
8258180461496581199
6677493297011811309
4909987333657595921
3080751772644370224
4835695807260479501
4256483852315064104
1957832861066591953
3637540459146593639
150346237738035192
4893480267427166258
2071968326646324248
7785568402857440633
5054795717295901724
7919891211012442604
8681433322138767708
6811776745761651178
2564140276977017069
6811776745761651178
8533644828048342038
2134546103403896252
4450190830532737859
4174275400511963925
6905339103563577943
5872118350511215863
4922621311548517072
8770368612155303810
4909987333657595921
2658817033131156372
7449943748619623145
1280618713726240171
5507400052643246353
4363074587036504683
6086296691148310287
7156409151884109819
8210946490246667956
1785313254306560675
1197105577798542682
7949782285573189191
8666735132764142267
5438438726055168472
3181537203937993587
5054795717295901724
