3637540459146593639
8408462746465814643
7085667360092755018
4403210617761594573
7085667360092755018
8450407968639461859
1306053050348102338
2240235047340090139
1445109531640021901
1445109531640021901
2240235047340090139
7739444318744069321
1306053050348102338
4552499519083501495
7114519017560289443
4403210617761594573
2240235047340090139
7449943748619623145
7739444318744069321
793725101485052109
8210946490246667956
184680029042951182
2197744665398314561
7085667360092755018
1445109531640021901
184680029042951182
7739444318744069321
362297221456834044
8585205036144287489
6811776745761651178
6344401510022084502
7085667360092755018
3046822245052924652
3046822245052924652
8821862535400836271
7919891211012442604
3674929609927074908
8402233952719632638
8764531172028983034
8126364173465978363
5714768882372853734
2835798355540162428
7085667360092755018
5132287770997008481
8363790042945400668
4569664947732298905
4403210617761594573
3534288538778199281
7085667360092755018
5390954890723507968
6752878145256391226
7739444318744069321
1306053050348102338
3046822245052924652
1625256441000662717
8210946490246667956
8922737500209432348
862205220195597765
3674929609927074908
1887609999001301342
7919891211012442604
479051050271563632
184680029042951182
1157242432596349193
8029313043545152468
2240235047340090139
1663640512340732079
7114519017560289443
3312070182463849808
4174275400511963925
4895839551706169711
1306053050348102338
8094558378192941181
326700202004061921
2835798355540162428
4403210617761594573
7085667360092755018
3046822245052924652
4586400319027303861
7739444318744069321
7739444318744069321
362297221456834044
6462078588552502349
2134546103403896252
2062866308227695223
8960189657666955372
6634081669976872070
5465216117030621610
3102291566479780514
29804956548473269
7685312896181143812
5132287770997008481
2134546103403896252
1683779944957979874
3818326046214392478
7739444318744069321
479051050271563632
8094558378192941181
1445109531640021901
1865083648593014740
2240235047340090139
2134546103403896252
2402660213727946762
864601073054314766
8210946490246667956
6147899420939541083
2659830603348465484
9079148036189962907
479051050271563632
4025974194735347908
7054693805259195085
6325257491663920767
2240235047340090139
7949782285573189191
5054795717295901724
8389975416451158980
5314502798388440608
7974333403884389740
7949782285573189191
3674929609927074908
6310432278297709323
5562697082068576442
6680045534432458302
7919891211012442604
4403210617761594573
1865083648593014740
7085667360092755018
7718373802129806051
3089568524826271193
9079148036189962907
1394850415876756978
8210946490246667956
2658817033131156372
7718373802129806051
5382485968343106884
7026160129339936585
362297221456834044
4775075483473005850
3089568524826271193
3637590727421817164
362297221456834044
5132287770997008481
8278532258127383379
2240235047340090139
7142452343446082969
7983149601306537815
4142263530647385243
1945051623132546021
866254588603154952
2783273352775777250
1214737879714000736
7085667360092755018
6383278502635077253
5438438726055168472
5488323779942923476
8197025864814351204
5623758464678144936
5498939607849955941
646468029520488586
1564740464332813952
7085667360092755018
3294524453944942501
7516205795375082071
2374731454336098385
7711695922561783686
1826417555855247596
6222135137883895941
1847924343667381004
3674929609927074908
2835798355540162428
7919891211012442604
134470711356376548
2816891663822805601
5992046322752307631
4403210617761594573
8210946490246667956
5957274941944364602
7783692497799612199
4782455598828732332
7739444318744069321
5390954890723507968
303381152789524269
1730455970142075727
2197744665398314561
52657540296925493
6044703867344200420
3148439280099019367
1847924343667381004
8162815303564650476
4643607968055370498
8339496596609422602
8197025864814351204
5048847054608590545
2150142217578850241
8609280130907745941
8661937675499638730
5483269505989063342
5390954890723507968
3674929609927074908
5623758464678144936
8609280130907745941
5382485968343106884
4340188776029243545
7979005431774355767
3804480447380686856
5954622662812053449
8339496596609422602
7085667360092755018
7919891211012442604
9079148036189962907
5390954890723507968
7511066101866118354
4170092982958995788
2278473013179431936
6618661787061191834
5374295181980771793
9178775627213975001
2150142217578850241
4403210617761594573
5812967107207496191
4269058495782110425
8786758372178265155
7074452437189607701
2021173385441311329
4299646398620743266
3089568524826271193
7196295689152824705
2375805648996655461
3060737222120841131
5113881680671132017
8210946490246667956
6030977749078240423
5594364082254246122
3445444484736561663
7085667360092755018
5500270373525606910
5198453314761172327
7949782285573189191
8519557386756247934
8182948135545722301
7085667360092755018
9079148036189962907
8906840490474409380
8136898083582469108
5390954890723507968
2517861781584949996
7984479649615339341
7085667360092755018
2603608140143360871
5774985105055098448
7718373802129806051
127893648388182996
2240235047340090139
8441419967236376273
7085667360092755018
4578767461476091291
2251136624119698958
1758982030268830721
2240235047340090139
1306053050348102338
8339496596609422602
1853407779533070870
3021725329230307374
3149618979765974018
7979005431774355767
6289617862871969162
6940391027560573079
1743804041568810326
935749408272095787
1255951272276673281
8204679998518215128
8533644828048342038
5390954890723507968
5391846495733183695
8541465475499157714
6727506348432895029
5843788651612365397
6811776745761651178
866254588603154952
3698437077472739063
4403210617761594573
2481293317560554469
1978634581499983074
6304857290655255972
7862105295486254216
6160845048786595098
8519557386756247934
675479724919362380
646468029520488586
7575439381972443564
3172465925346408808
220099164000683078
2701392481561237547
7085667360092755018
7718373802129806051
1743804041568810326
7085667360092755018
2258419234642983616
856467581655918251
1531947310870247928
7171217826725665814
6792661925723372049
362297221456834044
8729324123740796706
2207344570594742093
6887371635803446363
8648883954812630797
1887609999001301342
3150147660601747405
4006615244405149304
5538562553127913584
2816891663822805601
6086296691148310287
5372149614033648107
4878101703067152653
7919891211012442604
2701392481561237547
7739444318744069321
2240235047340090139
5390954890723507968
50128015942051162
4260728104750156258
7248946104788533175
7998483761543138644
4861408413689189475
1010185990868061774
5888287691787730779
3750361926447366070
8499807796910447723
3451393548476608558
7452108832496063031
2481293317560554469
8363790042945400668
5858722077773823769
4633833800314702957
2240235047340090139
220099164000683078
1327627206704940874
7787119968126119360
6149287587850626061
8194346719622956598
2493266569768556123
6065686470563498971
4675462443548789565
1310812484467837527
5944646282635056836
6216516457636689813
7498572623506384565
5445544444309034288
7142878198001501025
8116647707454672381
3318438728529676488
7085667360092755018
3004157859436119221
3318438728529676488
6914936419607910369
7248946104788533175
5530743852817127767
3986333215788233198
4248761558242523246
7949782285573189191
5319312598577922786
6912393084544443128
1775368107719711081
2704029599310994358
362297221456834044
7458173335318679576
1617900334905090891
1445109531640021901
5198453314761172327
866254588603154952
6160366929193166590
8230234407043976776
1784654797503188200
6213307618682572235
2658817033131156372
1683779944957979874
4243373289932171303
1306053050348102338
6395212119541241741
6023661448117422474
4744057031499359908
465469151615940334
8107460103966879801
2622019579038706791
4048972142949944204
7251292810285925403
3934271042225608801
7739444318744069321
8015937364452662363
2888640257341503461
4909987333657595921
8842939783071815373
489515083674682503
5488323779942923476
1695263810705064411
5744235953655008616
2835798355540162428
5550873338439480093
1865264079788775225
657829407386661780
3546469662580681593
8456457000533244810
8076024744602800727
8565539832572450527
856467581655918251
43594387298472553
5787830343100964817
336615035479830868
8043042804791597881
6228129306862689029
5882724227435540321
9186861743955560128
5888287691787730779
7388141226330894750
6730309019901085821
6438801609087770598
8175083503335948484
1367182761358606796
5787830343100964817
29804956548473269
7642684872370005917
4175246727838949344
3318438728529676488
8388766726651410280
1606118767742539611
9079148036189962907
5488323779942923476
8609280130907745941
3493805581141662723
165999276300171735
646468029520488586
8258180461496581199
6677493297011811309
3089568524826271193
3080751772644370224
2246146460293521049
3852265230183544308
7174194422946523228
2481293317560554469
4893480267427166258
2071968326646324248
7785568402857440633
6149287587850626061
8197025864814351204
8681433322138767708
5488323779942923476
2564140276977017069
6023661448117422474
5500270373525606910
5132287770997008481
5944575849665553886
3594040106865655445
5872118350511215863
4922621311548517072
8770368612155303810
400100729123640129
8523355869810047198
1280618713726240171
5507400052643246353
4363074587036504683
1169571505374026786
1847924343667381004
3318438728529676488
1785313254306560675
6707934563707594099
6254931139008122101
8450407968639461859
2822236429240322948
831299780989347907
8076024744602800727
1683779944957979874
935749408272095787
8602788287493254063
8197025864814351204
1053301445225834575
2838614697384911602
2240235047340090139
4416788074737096649
5623758464678144936
8533644828048342038
741411871639998117
4861408413689189475
1695263810705064411
5132287770997008481
932701660983713649
761638147141213647
9126907670038644834
1332481775233044895
3795889632613222449
8212677705202835450
1758982030268830721
3224144608256933961
5623758464678144936
6387071610761526390
8660408293109250475
369737917238188316
9178775627213975001
675479724919362380
2989261194891411124
8193564924230413265
5550873338439480093
5152588767315147033
7516205795375082071
6829450433670407211
1280618713726240171
622229476098406435
793725101485052109
6717341950688508612
2733546252746559692
5744235953655008616
3328843583376872394
2299036470752509851
6796710313852362991
4953229404360215838
778361947536325050
4236891854022948200
6752878145256391226
9126368010890229531
4243373289932171303
3766982552321376133
3102291566479780514
279689800714743101
5242374685044801357
7144970631487171195
4976783308389912259
6213307618682572235
4909987333657595921
8052894443146003760
5507400052643246353
6520880299511545085
9178775627213975001
4591826125111955564
8698391063771309319
6910427553247726955
7421500513476654443
5505911748555685466
8543552385847448680
3136182938115728432
5550873338439480093
7948321296347221787
5245829561151474712
1394850415876756978
184680029042951182
2961133119750181631
5656270775153338544
4370411083041488302
1006149979119582503
2816891663822805601
192435661912868585
5151471942749191341
8278532258127383379
5787830343100964817
500036277741932451
440339989419362967
4429002033388238612
369737917238188316
476711384018143814
5337588208373865471
6481004740135529490
6944601625184833678
1321009413642574137
6886494583362046789
8882956790603831660
6694054793105003972
5787830343100964817
7321083370827488588
7314084505429992820
7243540114380784623
2574958111375257633
7557391530130511770
2658817033131156372
4660927704103475340
2324050248463262673
1983635002212318525
8677689795317322497
4505155819130490792
1650538232404264497
5770107805997014860
2787531551388162215
2932331482404581226
8823179789076311800
6435524918627975816
1521996373602295435
7783544931414378124
7273462804686539309
4922621311548517072
3817499060172687477
7243540114380784623
4248713828848663816
7036245378089342384
7142878198001501025
479051050271563632
2483294831578299163
267575832759324396
375907075961161359
2467873323522800496
3674929609927074908
5344887498288077285
4569664947732298905
7788972078603115396
6307244154582307387
7437006615199307295
7573576117140248053
833498911863771408
1101074742475612156
1476981822731740812
3944855144107057660
7959012469359076686
8801237582910996522
7026160129339936585
554838186511236506
2366564318098150078
8640026281612697819
7651420729193996341
409204917337345806
1757065702046702771
7821633118607206359
7739444318744069321
1384417481594044329
962283029797748691
9084351746964830358
2329221355674593018
6179881296988512431
8660408293109250475
8587090619955418513
8996295541587731615
7085667360092755018
4200707446148675099
6849484493090934902
8233901976832462879
7114519017560289443
3278981758557651503
2431433092905452529
3950448741056436337
4886118636112825804
6887371635803446363
2249627162510659862
7746412701529165523
2723748108675581166
349860562764256613
8583762539596719492
1945051623132546021
9182978184774627956
5530743852817127767
3534288538778199281
449533479361805752
2503849102334261435
1384417481594044329
6304857290655255972
5084864468827788648
7036245378089342384
8878758408791322871
878014187432436531
6782010609354445688
6741616755126814188
9132655993804635217
9126907670038644834
7596912629989914545
2685737234777877807
24189008518951876
5109053475199256876
3694294017995334531
2629395123555668798
924886731857946750
5337588208373865471
5875785663789294981
5785069625034121686
2812469527010946301
1844104007980078279
7054693805259195085
1384417481594044329
2638570261152754504
7919891211012442604
5530081887249117758
1194817632437251885
5038252448433670850
5390954890723507968
2379063410217640977
5077409922747962941
2197744665398314561
8821862535400836271
7126380820981979572
3244960006833808948
7142452343446082969
6728436187024804457
1883280341141952150
7837026868276686565
2324050248463262673
3542156123939018907
1978634581499983074
3014825257479772379
1978634581499983074
7817022364013424840
8682060813100641889
4569332250843043921
8424213877063823272
362297221456834044
3736283448269079272
1488217047467997522
8136898083582469108
9079148036189962907
2989261194891411124
7222181598901039960
7364626151056640146
3445444484736561663
7656415470990955726
2134546103403896252
9206233708798308240
5220048027208888570
8956331475477967842
1221176490386156853
7491117494928131348
2475101799494623122
473911361540887274
4175246727838949344
5672081954326612234
4105125388462792152
1394850415876756978
3673573627633072603
8893621654841961173
8626581091317669560
624385544849050605
8115503044072149249
5787830343100964817
4683395610125877149
2157750867559916090
7829832819739044676
5843788651612365397
5492372927997203603
9165946555630276206
7949782285573189191
1457433432306702702
1384417481594044329
8408462746465814643
7755921780146779370
9123154589006259582
1740926722551851260
2197236370842454007
2374731454336098385
1003366686002132157
1599081887493982418
2282143655056311462
4618202815669173825
1668380591776841128
6149287587850626061
8190027010571124276
8089809560575124402
607364246272199854
2804600614967170213
1837295497572844563
1103848339304984770
4878168434356962628
447626289269609172
6697889615491217874
1407577642035118370
554838186511236506
5109053475199256876
4149244042172865103
4756608288445064958
7561208901264751523
175132359835336631
2804600614967170213
5623758464678144936
1007972879560775300
7718373802129806051
4079293005698302564
5486870649880904582
5305308969273432025
5602153259110637027
3904972390045856711
9122458134999636450
1099646928475044821
7142878198001501025
6217740785881207872
2838614697384911602
8143575778526734806
2999496751665228858
8486367401546133440
4568304333964789657
8210946490246667956
3230093871417165650
8348041095032602626
646468029520488586
4731807897052393316
113459112872499947
1652259462189890608
572463208156816903
5245829561151474712
8050538386915791206
7751409208540755685
554838186511236506
645117434266804921
8123344627382639544
8842939783071815373
5357594098111130235
1271662568621500371
2468278871046619001
8143575778526734806
1279129992195463471
4569332250843043921
5550873338439480093
4887630950743599678
2838614697384911602
2392036693971948759
2240235047340090139
5351965886978428265
7718373802129806051
8131424741385128927
657829407386661780
142818319622664445
7518545933939961234
19489427927301225
8821862535400836271
8194346719622956598
1518319963596552277
3910356657568501036
5202365939920829884
6800113156318854746
4212034166960193130
6707934563707594099
8519557386756247934
6178905692129256150
3011041778181087367
50128015942051162
4886118636112825804
6630047193139652762
6515189200231092368
7889846101870686521
5182989850788443515
7739444318744069321
1730455970142075727
6759055467905113721
8940286246234367451
4488538940128364504
936240972141258339
4642986125625636055
2049661284057996657
2685737234777877807
5252005556969570706
5446563567162239256
3217862698966470392
5201195995583411011
4736117372622729318
1965445149707089760
4407725262923937218
9178775627213975001
5874412718729223899
5672081954326612234
8965657839191805085
4994291357159116335
1217482887466579784
7085667360092755018
2548819150396815732
29804956548473269
8200996828912939306
1302400979642915613
6556036878005960164
4530647240952608653
3236491595594165346
2978777395783710975
8965657839191805085
184680029042951182
3103685872949356037
2062866308227695223
4815694724411948602
7919891211012442604
8309292419202438618
3049676344997405861
8244858898603253107
867710101523739933
1414635302936480018
3740917715978069
3866351499462201118
6970037370264073508
7199715794029289080
4000060746275186511
9001402531728990543
3004157859436119221
4177310133262813844
1044153412116064785
4967412046426235854
6343525551283449630
1826417555855247596
6454365982483627684
4201031315892925384
2177375070919955009
6177435821490108816
5955466314216839903
9123154589006259582
1852486586341715907
2896639998457780692
7864052049178983842
4984205563607657664
8348041095032602626
8635979807591677208
3613639086629826785
8244858898603253107
2933035992719968877
6586329261749945730
5672081954326612234
4683395610125877149
5599716110692336539
8346884108509262422
622229476098406435
5465216117030621610
1101074742475612156
4105125388462792152
1899909086325845697
5847507689636325467
6676814808681101581
3532675004474438373
3869225274412907980
8966906926183196240
4025974194735347908
5507400052643246353
2622700765855367304
6034846600265834289
6304857290655255972
4247689199764084923
6995844141519350518
2324050248463262673
6492522025469429330
524524235306556293
5888287691787730779
7085667360092755018
4721709410421007516
4675462443548789565
819621594829833446
6854468197243151384
2658817033131156372
5954622662812053449
2087380181309588479
2240235047340090139
3318438728529676488
8334809989112000493
9022001378602347504
4314907705858210418
9036617114131734286
3863897603515337754
1509467330279878042
7382752254941701148
2606036411915679421
4693416593225267900
7380901784650003804
7337536964689393231
7818696377887855304
5992046322752307631
347331648863651936
8997253396208372675
8182948135545722301
2719983629332179490
879363845271621182
3485400261482267899
8178816852560052151
400100729123640129
3641770954310832253
7290692465717600439
8533644828048342038
8745655971634531573
6092274667171495267
7302790970518764012
8499807796910447723
3493805581141662723
7085667360092755018
5623758464678144936
4841148599482336672
2530297399160289130
1668380591776841128
7190674788482706211
5623758464678144936
878014187432436531
4453320715005018058
4507833860831009619
3335574815282566405
4899952043843658090
4794865275517030034
3715766771655318732
5232133400560855455
3652363787073089563
1619666540848503614
1575879611143668215
1054376616218588582
7388141226330894750
720665783474246115
6618661787061191834
646468029520488586
2406547586074141212
4475701806881200830
1441095476288817760
8862447235802015254
3520152498751396163
6906791214511940116
2431433092905452529
9084351746964830358
3774358789705709154
3150147660601747405
7273462804686539309
720665783474246115
3511061244347747062
