3637540459146593639
8408462746465814643
3637540459146593639
5109470997758484265
3364542905610852267
8450407968639461859
3637540459146593639
150346237738035192
7417221384466648551
1197105577798542682
150346237738035192
150346237738035192
3637540459146593639
4835695807260479501
2697991130498458712
1197105577798542682
8222907814687453445
7449943748619623145
150346237738035192
793725101485052109
8210946490246667956
184680029042951182
2197744665398314561
3637540459146593639
7417221384466648551
184680029042951182
150346237738035192
362297221456834044
8585205036144287489
6811776745761651178
8210946490246667956
4059247791661032504
3046822245052924652
3046822245052924652
8821862535400836271
7919891211012442604
8585205036144287489
8585205036144287489
4450190830532737859
8486685203742449322
5912924844580054313
8210946490246667956
2835798355540162428
3637540459146593639
5132287770997008481
8363790042945400668
8363790042945400668
150346237738035192
6312891028436039147
3400321001353412101
5390954890723507968
6752878145256391226
4059247791661032504
7449943748619623145
5109470997758484265
1197105577798542682
150346237738035192
6055730836111072936
3637540459146593639
8408462746465814643
4450190830532737859
8222907814687453445
7560188502710670201
479051050271563632
7449943748619623145
8585205036144287489
5132287770997008481
667115427753482668
5477688518344384784
3612704719109193267
3312070182463849808
4174275400511963925
4895839551706169711
2697991130498458712
8094558378192941181
3637540459146593639
7449943748619623145
2697991130498458712
3637540459146593639
8332083839685178532
4586400319027303861
150346237738035192
150346237738035192
150346237738035192
6462078588552502349
2134546103403896252
2062866308227695223
8960189657666955372
3637540459146593639
3637540459146593639
8709797118935062810
7818508919617981886
3181537203937993587
150346237738035192
150346237738035192
2697991130498458712
8821862535400836271
376906668872033252
3046822245052924652
8821862535400836271
5618009973106783618
376906668872033252
8222907814687453445
1197105577798542682
2372855255031989844
2402660213727946762
2062866308227695223
7919891211012442604
5132287770997008481
2663504857441352179
3040411528460869079
3637540459146593639
7449943748619623145
4025974194735347908
7054693805259195085
6325257491663920767
7449943748619623145
7949782285573189191
5054795717295901724
8389975416451158980
8821862535400836271
7449943748619623145
4541577525354726907
4574584048343196420
6310432278297709323
2134546103403896252
4025974194735347908
2134546103403896252
5132287770997008481
3400321001353412101
6811776745761651178
8210946490246667956
793725101485052109
4059247791661032504
3637540459146593639
2134546103403896252
1394850415876756978
2062866308227695223
2658817033131156372
3637540459146593639
5382485968343106884
6310432278297709323
1450579244825706726
7449943748619623145
5142588962146786921
3637590727421817164
8585205036144287489
667115427753482668
4059247791661032504
3788849977924183188
7142452343446082969
8332083839685178532
453443660609612526
6529308950213725673
2134546103403896252
5054795717295901724
2783273352775777250
1214737879714000736
2197744665398314561
6383278502635077253
5438438726055168472
5488323779942923476
8197025864814351204
5623758464678144936
8585205036144287489
2134546103403896252
911614307739416383
4443205945102111529
4450190830532737859
8100681940228145289
150346237738035192
2374731454336098385
7711695922561783686
1826417555855247596
6222135137883895941
5438438726055168472
5488323779942923476
2130561598044870592
5132287770997008481
4025974194735347908
3637540459146593639
6801385841233468427
150346237738035192
7142452343446082969
7449943748619623145
3637540459146593639
4915686857372910511
8363790042945400668
3695888624259084807
4450190830532737859
2697991130498458712
586243034311938957
1197105577798542682
2697991130498458712
52657540296925493
6044703867344200420
3148439280099019367
150346237738035192
8162815303564650476
4643607968055370498
