222017850289709
513211837552845
222017850289709
311857360703032
311857360703032
536057679251164
222017850289709
222017850289709
311857360703032
222017850289709
222017850289709
222017850289709
222017850289709
222017850289709
222017850289709
222017850289709
513211837552845
311857360703032
222017850289709
311857360703032
311857360703032
311857360703032
222017850289709
311857360703032
311857360703032
196409261672396
222017850289709
134139689050190
311857360703032
311857360703032
513211837552845
311857360703032
311857360703032
524576501325842
311857360703032
222017850289709
222017850289709
247756823221498
185963271792781
222017850289709
222017850289709
311857360703032
247450236204964
185963271792781
512831662153297
534944529542784
495993907071898
348801811668264
173083395723886
311857360703032
313249986022766
510485232113366
311857360703032
247756823221498
385308290309816
385308290309816
222017850289709
247756823221498
222017850289709
536057679251164
419437903631365
311857360703032
185963271792781
222017850289709
222017850289709
536057679251164
222017850289709
292852234470673
185963271792781
292852234470673
222017850289709
88837515647639
222017850289709
561710899937341
222017850289709
185963271792781
222017850289709
220501997015941
222017850289709
247756823221498
311857360703032
222017850289709
510485232113366
311857360703032
196409261672396
185963271792781
222017850289709
222017850289709
247756823221498
508550039043284
247756823221498
311857360703032
311857360703032
311857360703032
128992652116555
495993907071898
222017850289709
313249986022766
287490643676513
495993907071898
63771283124291
222017850289709
185963271792781
247450236204964
194185620357543
247756823221498
222017850289709
185963271792781
128992652116555
134139689050190
222017850289709
495993907071898
311857360703032
512831662153297
385308290309816
508550039043284
222017850289709
185963271792781
510485232113366
311857360703032
185963271792781
222017850289709
222017850289709
162567435146566
495993907071898
222017850289709
465779800932821
245725964034139
430584338699902
386063079325190
222017850289709
485216203953441
311857360703032
222017850289709
492006419321276
222017850289709
222017850289709
261018586250267
311857360703032
513211837552845
222017850289709
465779800932821
407717622951199
185963271792781
222017850289709
508550039043284
311857360703032
222017850289709
311857360703032
536057679251164
313249986022766
85134913078415
222017850289709
222017850289709
51312088623531
328520872091254
513211837552845
88536330860944
311857360703032
313878720834154
222020918421741
222017850289709
495993907071898
162567435146566
231253050410411
524576501325842
64552240453212
245725964034139
555331614991857
222017850289709
311857360703032
311857360703032
311857360703032
222017850289709
222017850289709
134139689050190
311857360703032
185963271792781
298306740758594
513211837552845
173083395723886
134139689050190
328520872091254
311857360703032
39457277192412
510485232113366
311857360703032
512831662153297
494426387953378
222017850289709
311857360703032
222017850289709
173476715539477
344774197405026
344774197405026
185963271792781
311857360703032
185963271792781
134139689050190
513211837552845
185963271792781
171929422840747
536057679251164
171929422840747
222017850289709
175612503876940
222017850289709
311857360703032
311857360703032
222017850289709
536057679251164
247756823221498
35781435199703
534944529542784
311857360703032
492006419321276
147251000286280
101984696645393
311857360703032
176332561534589
508550039043284
311857360703032
222017850289709
222017850289709
222017850289709
415997149911108
185963271792781
222017850289709
465779800932821
415997149911108
222017850289709
536057679251164
222017850289709
331665728192421
222017850289709
185963271792781
264904100099441
486999843247946
222017850289709
222017850289709
292852234470673
222017850289709
222017850289709
536057679251164
313878720834154
222017850289709
458439093131476
415997149911108
134139689050190
228989223861883
311857360703032
220501997015941
311857360703032
386063079325190
134139689050190
173083395723886
173083395723886
222017850289709
222017850289709
536301170176896
431790309887061
247450236204964
311857360703032
222017850289709
311857360703032
222017850289709
222017850289709
428749690012642
226519112526311
311857360703032
313878720834154
222017850289709
64552240453212
487195749201548
112028579315522
328520872091254
348801811668264
344774197405026
344774197405026
222017850289709
222017850289709
499447518038679
222017850289709
226519112526311
311857360703032
287490643676513
206055413236656
88536330860944
222017850289709
487333962989217
311857360703032
158911629647421
311857360703032
71308444195387
222017850289709
128992652116555
185963271792781
499447518038679
331665728192421
247450236204964
328520872091254
328520872091254
415997149911108
247450236204964
424116743676087
313249986022766
113123033418766
184431477614154
112028579315522
222017850289709
393340456115022
185963271792781
185963271792781
222017850289709
510485232113366
245725964034139
76657182145793
385308290309816
247756823221498
287490643676513
222017850289709
287490643676513
459113268573156
228989223861883
247756823221498
356676553443137
344774197405026
513211837552845
311857360703032
382751786966341
247756823221498
311857360703032
536057679251164
384817949869095
513211837552845
185963271792781
465779800932821
331665728192421
495993907071898
500920030398301
462368126341091
222017850289709
24722118588490
173083395723886
185963271792781
185963271792781
328520872091254
222017850289709
222017850289709
226519112526311
311857360703032
311857360703032
93502643485732
508550039043284
247450236204964
71308444195387
311857360703032
222017850289709
175612503876940
486999843247946
134139689050190
524576501325842
113123033418766
222017850289709
222017850289709
313878720834154
311857360703032
338047030830561
64552240453212
371478069528095
327889991090920
486999843247946
313249986022766
222017850289709
561710899937341
222017850289709
90163132032961
3059571285525
260054205612192
313249986022766
512411967774349
222017850289709
311857360703032
61656859794193
176332561534589
222017850289709
462984598310959
328520872091254
462984598310959
54882314535814
420679622116943
222017850289709
222017850289709
222017850289709
325842479415610
555331614991857
78250498405132
437643057849420
555331614991857
385308290309816
328520872091254
222017850289709
175612503876940
370220121494354
285367580783007
80005644803945
362832414711612
379426053322551
385308290309816
16017355017198
185963271792781
386063079325190
495400861050700
173083395723886
245725964034139
311857360703032
194185620357543
222017850289709
536057679251164
206487978298412
311857360703032
393340456115022
222017850289709
313878720834154
164624437932410
324665075596797
421898991976589
108359869855939
313249986022766
459113268573156
356676553443137
222017850289709
98748799737859
311857360703032
510485232113366
247756823221498
375998958080637
222017850289709
128992652116555
534944529542784
379230201335606
162567435146566
171929422840747
222017850289709
185963271792781
311857360703032
222017850289709
313249986022766
222017850289709
328520872091254
35781435199703
455626251841610
313249986022766
313249986022766
222017850289709
384550172472611
222017850289709
311857360703032
512831662153297
489253989529581
176308609456878
90163132032961
536057679251164
292852234470673
29877629618816
220501997015941
247756823221498
311857360703032
492006419321276
311857360703032
338798421535612
185963271792781
344774197405026
222017850289709
313249986022766
524576501325842
536057679251164
492921432165698
489253989529581
311857360703032
286428309614545
128992652116555
338798421535612
222017850289709
197316919521682
222017850289709
222017850289709
196409261672396
313249986022766
495993907071898
78250498405132
313249986022766
104724757255429
3914855924460
536057679251164
510485232113366
226519112526311
222017850289709
386063079325190
87370883209327
510485232113366
484578431920069
311857360703032
222017850289709
98029709945223
311857360703032
185963271792781
220501997015941
311857360703032
313249986022766
462984598310959
222017850289709
504039334808140
311857360703032
524576501325842
88536330860944
359109267598084
90163132032961
222017850289709
216894261980334
356676553443137
344774197405026
294842417090468
108359869855939
475193383963466
71308444195387
222017850289709
529872639290696
512831662153297
222017850289709
420679622116943
185963271792781
289834111189114
222017850289709
428749690012642
222017850289709
358405661041944
300452960909943
311857360703032
88536330860944
393340456115022
245725964034139
386063079325190
397048569939734
428749690012642
176332561534589
185963271792781
311857360703032
185963271792781
311857360703032
108966873431796
524576501325842
222017850289709
247756823221498
385308290309816
313249986022766
85134913078415
222017850289709
311857360703032
534944529542784
222017850289709
98029709945223
311857360703032
194185620357543
26389789304
222017850289709
311857360703032
311857360703032
311857360703032
185963271792781
101984696645393
78250498405132
222017850289709
71308444195387
437643057849420
56927591612775
46486703316724
222017850289709
432976835674962
450796022210789
112028579315522
175916582553573
222017850289709
311857360703032
313249986022766
389835913742768
222017850289709
228989223861883
520907997058182
311857360703032
134139689050190
512831662153297
311857360703032
376176947089512
314489060505074
222017850289709
185963271792781
222017850289709
492006419321276
396075080622730
222017850289709
76657182145793
166842422652988
459113268573156
203176488243217
311857360703032
510485232113366
311857360703032
245725964034139
270848806668612
485216203953441
108359869855939
185963271792781
298306740758594
222017850289709
326378827640704
311857360703032
128992652116555
176308609456878
311857360703032
311857360703032
555331614991857
303758746849970
185963271792781
194185620357543
185963271792781
403923603849859
398002947968233
173083395723886
512831662153297
222017850289709
48749334618843
313878720834154
452972443449502
222017850289709
98420545099515
536057679251164
222017850289709
313878720834154
222017850289709
222017850289709
311857360703032
311857360703032
222017850289709
311857360703032
311857360703032
162567435146566
266748723330168
61410521186497
536057679251164
98029709945223
311857360703032
311857360703032
185963271792781
222017850289709
30519792342647
26876220057334
328520872091254
185384220772648
29096153809701
397048569939734
190879894142167
185963271792781
287490643676513
80628015969395
420318272910281
542172655676503
222017850289709
176518636318313
446843467457732
446416290614623
311857360703032
327889991090920
26389789304
313249986022766
260054205612192
222017850289709
222017850289709
175916582553573
311857360703032
132431265164829
464937313231285
311857360703032
228989223861883
475695498139903
245725964034139
222017850289709
178975310205357
538524157048114
222017850289709
206055413236656
222017850289709
222017850289709
458969478100000
196409261672396
455626251841610
222017850289709
222017850289709
259320912405313
429458336065023
465779800932821
175612503876940
151568288060198
508550039043284
185963271792781
90163132032961
206055413236656
260054205612192
222017850289709
495993907071898
311857360703032
475401127844428
222017850289709
328520872091254
415997149911108
462254401680923
50872736319810
67204268949927
90147816328841
311857360703032
386063079325190
247756823221498
222017850289709
311857360703032
311857360703032
328520872091254
144443622930795
134139689050190
275618802781148
176308609456878
517622064748215
375998958080637
513211837552845
39457277192412
176308609456878
441518570360025
66499257316714
313878720834154
222017850289709
495993907071898
465590920501005
407717622951199
206055413236656
549090304051985
222017850289709
311857360703032
222017850289709
247756823221498
30519792342647
285728064750278
389835913742768
311857360703032
359109267598084
311857360703032
510485232113366
125385475166011
222017850289709
311857360703032
222017850289709
495993907071898
420318272910281
88536330860944
311857360703032
311857360703032
311857360703032
560484508348060
328520872091254
222017850289709
27437346152453
462368126341091
381718249664352
222017850289709
310355497364977
327889991090920
541916406786579
162567435146566
222017850289709
311857360703032
411475632026783
557413085559364
338047030830561
222017850289709
512831662153297
185963271792781
1476379914486
311831877148392
88536330860944
287490643676513
173083395723886
56450606192501
27437346152453
87370883209327
71308444195387
247756823221498
397048569939734
160646056134322
108359869855939
536057679251164
222017850289709
287490643676513
311857360703032
175916582553573
397048569939734
185963271792781
298306740758594
144443622930795
555331614991857
344774197405026
311857360703032
311857360703032
173083395723886
465590920501005
328520872091254
311857360703032
173083395723886
222017850289709
27437346152453
185963271792781
344774197405026
381718249664352
144443622930795
216196052486512
536057679251164
222017850289709
66499257316714
311857360703032
510485232113366
311857360703032
420318272910281
187965777706406
222017850289709
311857360703032
228044644059392
311857360703032
487195749201548
222017850289709
328520872091254
289651745225225
23236348311258
222017850289709
216476337931232
26389789304
53436880037546
495993907071898
492006419321276
546651091032590
185963271792781
328520872091254
98078200799191
206487978298412
28925254000298
185963271792781
385308290309816
535515705194240
225263180889254
311857360703032
128992652116555
100890954558897
420318272910281
38109469290103
495330996342294
386063079325190
285851782844596
131698661350092
311857360703032
104724757255429
14273557075589
455626251841610
222017850289709
311857360703032
313249986022766
475695498139903
376176947089512
80628015969395
206055413236656
556833165832901
386063079325190
543743394212223
396075080622730
104724757255429
311857360703032
287490643676513
175612503876940
185963271792781
495993907071898
313249986022766
247450236204964
264904100099441
499879578281928
245725964034139
510485232113366
443452166513079
133895326571439
128992652116555
222017850289709
24722118588490
344774197405026
173083395723886
311857360703032
185963271792781
151568288060198
311857360703032
386063079325190
226519112526311
328520872091254
290320330105289
461499566727584
222017850289709
452293374066832
222017850289709
128992652116555
171929422840747
128992652116555
534944529542784
286428309614545
222017850289709
314489060505074
341928299506264
238340599978384
311857360703032
167585049259753
134139689050190
222017850289709
76657182145793
311857360703032
222017850289709
369189766882181
128992652116555
409025136940822
500920030398301
313249986022766
328520872091254
311857360703032
292852234470673
420318272910281
173083395723886
313564483829966
311857360703032
459113268573156
313878720834154
57665455918743
151568288060198
113123033418766
247756823221498
270848806668612
222017850289709
222017850289709
222921385951983
173083395723886
313249986022766
222017850289709
151568288060198
369189766882181
313249986022766
222017850289709
313878720834154
388158800122381
409025136940822
311857360703032
311857360703032
536057679251164
222017850289709
228989223861883
311857360703032
64552240453212
407717622951199
216894261980334
495330996342294
158105099372836
54898031153189
222017850289709
548997359533612
92670896215609
238669229587921
222017850289709
311857360703032
222017850289709
257082163510753
311857360703032
222017850289709
403923603849859
318173360228576
319362900769486
384817949869095
403923603849859
311857360703032
311857360703032
481557989616130
173083395723886
216894261980334
35435915565428
112028579315522
222017850289709
228989223861883
222017850289709
465779800932821
468427849085944
222017850289709
311857360703032
173083395723886
